
On processor 3 the execution time was: 0.001952

3 26 3 26 3 26 3 26 3 26 3 26 3 26 3 26 3 26 3 26 3 26 3 26 3 26 3 26 3 27 3 27 3 27 3 27 3 27 3 27 3 27 3 27 3 27 3 27 3 27 3 27 3 27 $

On processor 4 the execution time was: 0.002039

4 31 4 31 4 31 4 31 4 31 4 31 4 32 4 32 4 32 4 33 4 34 4 34 4 34 4 34 4 34 4 35 4 35 4 35 4 35 4 35 4 35 4 35 4 35 4 35 4 35 4 35 4 35 $

On processor 5 the execution time was: 0.001910

5 44 5 44 5 44 5 44 5 44 5 44 5 44 5 44 5 44 5 44 5 45 5 45 5 45 5 45 5 45 5 45 5 45 5 45 5 45 5 45 5 46 5 46 5 46 5 46 5 46 5 47 5 47 $

On processor 6 the execution time was: 0.002025

6 48 6 48 6 48 6 48 6 48 6 48 6 48 6 49 6 49 6 49 6 49 6 49 6 49 6 49 6 49 6 49 6 49 6 49 6 44 6 47 6 49 6 49 6 49 6 48 6 48 6 49 6 49 $

On processor 7 the execution time was: 0.001927

7 50 7 50 7 50 7 50 7 50 7 50 7 50 7 50 7 51 7 51 7 51 7 51 7 51 7 51 7 52 7 52 7 52 7 52 7 52 7 52 7 52 7 52 7 52 7 53 7 53 7 53 7 53 $

On processor 8 the execution time was: 0.002037

8 59 8 59 8 59 8 59 8 59 8 60 8 60 8 60 8 60 8 60 8 60 8 60 8 60 8 60 8 60 8 60 8 60 8 60 8 61 8 61 8 61 8 61 8 61 8 61 8 61 8 61 8 61 $
On processor 9 the execution time was: 0.001872

9 66 9 66 9 66 9 66 9 66 9 66 9 66 9 66 9 67 9 67 9 67 9 67 9 67 9 67 9 67 9 67 9 67 9 67 9 67 9 67 9 67 9 67 9 68 9 68 9 68 9 68 9 68 $

On processor 10 the execution time was: 0.001993

10 74 10 74 10 74 10 74 10 74 10 74 10 75 10 75 10 75 10 75 10 75 10 75 10 75 10 75 10 75 10 76 10 76 10 76 10 76 10 76 10 76 10 76 10 $

On processor 11 the execution time was: 0.001951

11 78 11 78 11 78 11 78 11 78 11 78 11 78 11 78 11 78 11 78 11 78 11 78 11 79 11 79 11 79 11 79 11 79 11 79 11 79 11 79 11 79 11 79 11 $

On processor 12 the execution time was: 0.002050

12 90 12 90 12 90 12 90 12 90 12 90 12 90 12 90 12 90 12 91 12 91 12 91 12 91 12 91 12 91 12 92 12 92 12 92 12 92 12 92 12 92 12 92 12 $

On processor 13 the execution time was: 0.001917

13 94 13 94 13 94 13 94 13 94 13 94 13 94 13 94 13 94 13 94 13 94 13 94 13 94 13 95 13 95 13 95 13 95 13 95 13 95 13 95 13 96 13 96 13 $

On processor 14 the execution time was: 0.002023

14 73 14 64 14 63 14 78 14 97 14 98 14 64 14 88 14 72 14 98 14 96 14 79 14 85 14 96 14 83 14 80 14 90 14 78 14 69 14 79 14 92 14 67 14 $

On processor 15 the execution time was: 0.001945

15 99 15 99 15 99 15 99 15 99 15 99 15 99 15 99 15 99 15 99 15 90 15 78 15 69 15 79 15 92 15 67 15 59 15 98 15 91 15 60 15 78 15 71 15 $

On processor 0 the execution time was: 0.002046

0 0 0 0 0 0 0 0 0 0 0 0 0 0 0 0 0 0 0 0 0 1 0 1 0 1 0 1 0 1 0 1 0 1 0 1 0 1 0 1 0 2 0 2 0 2 0 2 0 2 0 2 0 2 0 2 0 3 0 3 0 3 0 3 0 3 0 3$

On processor 1 the execution time was: 0.001860

1 12 1 12 1 12 1 12 1 12 1 12 1 12 1 12 1 12 1 13 1 13 1 13 1 13 1 13 1 13 1 13 1 13 1 14 1 14 1 14 1 14 1 14 1 14 1 14 1 14 1 14 1 14 $

On processor 2 the execution time was: 0.001847

2 20 2 20 2 20 2 20 2 20 2 20 2 20 2 20 2 20 2 20 2 20 2 20 2 21 2 21 2 21 2 21 2 21 2 21 2 21 2 21 2 21 2 21 2 21 2 21 2 22 2 22 2 22 $


