

On processor 0 the execution time was: 0.001623

0 0 0 0 0 0 0 0 0 0 0 1 0 1 0 1 0 1 0 1 0 1 0 1 0 1 0 1 0 1 0 1 0 1 0 1 0 1 0 1 0 1 0 2 0 2 0 2 0 2 0 2 0 2 0 2 0 2 0 2 0 3 0 3 0 3 0 3$

On processor 1 the execution time was: 0.001622

1 46 1 46 1 46 1 46 1 46 1 46 1 46 1 46 1 47 1 47 1 47 1 47 1 47 1 47 1 47 1 47 1 47 1 48 1 48 1 48 1 48 1 48 1 48 1 48 1 48 1 48 1 48 $

On processor 2 the execution time was: 0.001627

2 71 2 71 2 71 2 71 2 71 2 71 2 71 2 71 2 71 2 71 2 71 2 72 2 72 2 72 2 72 2 72 2 72 2 72 2 72 2 72 2 72 2 73 2 73 2 73 2 73 2 73 2 73 $

On processor 3 the execution time was: 0.001623

3 88 3 88 3 88 3 88 3 88 3 88 3 88 3 88 3 88 3 88 3 88 3 88 3 88 3 88 3 88 3 88 3 88 3 89 3 89 3 89 3 89 3 89 3 89 3 90 3 90 3 90 3 90 $



